0.90003
0.899869
0.899848
0.900054
0.899904
-0.900046
0.899808
1.10018
-0.899973
-0.899788
-0.900029
0.900318
-0.900189
0.899625
0.900472
0.900213
0.900448
0.899964
0.900021
0.899772
1.08268
0.899685
0.899898
0.899805
0.89997
-0.899742
0.899951
0.900094
0.899876
0.900062
-0.90006
-0.899831
0.89989
-0.899521
0.952202
-0.900164
-0.900233
0.900434
-0.899975
0.900343
0.899665
-1.10015
-0.900111
-0.900436
-0.899589
-0.899928
-0.89996
0.95413
-0.900183
0.899916
0.899814
1.10011
1.10027
0.900158
-0.900008
-0.90007
0.899758
0.899696
-0.900237
0.900217
0.899939
0.900171
0.899829
-0.899786
0.899756
0.899582
-0.8997
0.900153
-0.900134
0.900384
0.900011
-0.90012
-0.899568
0.900179
0.899808
0.899796
0.899884
-0.900205
1.10003
0.90027
0.899737
0.900074
0.899924
-0.899807
0.899708
-0.899948
-0.899851
0.899657
0.899794
-0.900106
0.90028
1.10047
0.900345
0.89959
0.899806
0.900052
0.899811
0.899836
-0.899928
0.900115
-0.900049
-0.899702
0.899861
0.899779
0.899634
0.899917
-0.900333
1.10011
-0.899685
0.900108
0.899946
-0.900045
0.899964
-0.900009
0.900006
0.899894
-0.899784
0.899637
0.900352
-0.905128
0.899935
0.899615
-0.899683
-1.08932
0.900166
0.91031
0.90005
0.899758
0.899617
-0.900183
-0.899988
-0.899807
-0.900134
0.900082
-0.900097
0.900362
-0.899994
0.900464
-0.899582
0.900265
0.899613
0.899537
0.899985
0.899876
-0.900138
-0.899561
0.900412
0.900068
-0.900018
0.900129
-0.899836
-0.899985
-0.899871
0.90017
0.900008
0.90037
-0.899564
0.899697
-0.899887
-1.02939
-0.899983
-0.89957
0.900103
-0.89983
0.899733
0.899612
-0.900084
0.899673
0.89997
-0.899701
0.900168
1.09813
0.899718
0.900118
0.900173
-0.899919
0.899813
-0.900344
0.899943
0.899737
-1.10029
-0.899956
-0.900313
0.900014
-0.900005
0.900092
0.900236
0.899976
0.899909
0.900097
0.899956
0.899791
0.900177
0.899781
1.02191
1.09972
-0.899783
0.987248
-0.89989
0.900026
0.900281
-0.900236
0.899999
0.899741
0.899956
0.900095
-0.899987
-0.900073
-0.899955
1.0064
1.09999
-0.899759
0.899958
-0.899641
-0.900179
0.899991
0.899778
-0.899796
-0.899562
0.899741
-0.899768
0.899663
-0.900012
0.900264
-0.900015
-0.899835
-0.900095
0.90001
0.899941
0.899821
0.900375
0.899811
-0.899979
-0.899891
-0.899604
0.899807
0.899983
-0.899927
-0.899872
0.899598
-0.900052
0.899935
0.89979
0.899781
-0.900447
-0.899832
0.899659
-0.899959
-0.899723
0.900122
-0.899524
-0.899974
0.899839
0.900035
-0.899739
-0.899776
0.900101
-0.899757
-0.899935
0.899802
-0.900011
0.899946
0.900008
0.899906
1.0103
-0.8999
-1.00852
-0.900478
0.900007
0.900019
0.899952
0.900003
-0.899877
0.899881
0.900073
0.899765
0.899877
-1.10024
-0.899758
0.900074
0.900469
0.960166
-0.8998
0.899945
-0.900419
0.899995
0.900126
-0.900073
0.899963
0.899566
-0.899974
0.899709
-0.899996
0.900039
-0.900016
-0.900104
0.900393
0.900165
-0.900135
0.900216
-0.900151
-0.900161
-0.900353
-0.899948
-0.899813
-0.899715
-0.899635
0.899626
0.899946
0.900004
0.899902
0.900005
0.900009
0.899961
0.89998
0.899855
0.900258
0.900062
-0.900217
0.899927
0.89992
1.10012
-0.900013
-0.89954
0.899996
0.89958
-0.900168
-0.899951
-0.899841
-0.900291
0.899701
0.899884
-0.900015
0.900097
-0.899637
-0.900263
0.899702
-0.899962
-0.900238
0.899994
0.899775
-0.900141
-0.90015
0.899797
0.899879
-0.900116
-0.899916
0.89972
-0.900047
-0.900151
-0.899966
0.900014
0.900142
0.900124
1.10003
0.899628
0.899708
-0.899759
-0.899679
0.899808
0.900119
0.89978
-0.899731
-1.02229
-0.899988
0.899976
-0.900026
1.10039
0.899917
0.899786
0.899889
0.899797
0.900044
-0.900317
-0.899618
-0.899874
0.899768
-0.899933
0.900158
0.899762
1.10033
-0.899971
0.900419
-0.899674
-0.899832
0.900245
-0.899744
0.89982
0.899814
0.900227
-0.899623
0.89997
0.900031
0.899938
-0.899561
-0.899845
0.899965
0.900089
0.900045
0.899618
